#pragma once

#include <vector>
#include <string>

namespace panopticParams {

struct rotTrans {
    std::vector< double > rot;
    std::vector< double > trans;
};

//typedef std::vector< float > kmatri

// hardcoded extrinsics for 16096_band1
std::vector< rotTrans > extrinsics_ceiling = 
{
    {{0.1369296663,0.03357591931,-0.9900115778, // 00
     -0.09021094677,0.9956950625,0.02129149064,
     0.9864645212,0.08639444504,0.1393691081},
    {20.90028135,127.2202879,283.1159034}},

    {{0.05337497606,0.02479711619,0.9982666052,
     0.6376765256,0.7684660834,-0.05318390075,
     -0.7684528356,0.6394098699,0.0252043199},
    {6.299256813,104.397182,363.078698}},

    {{-0.9970491806,0.05290586318,-0.05562284625,
     -0.01182874156,0.6100448884,0.792278559,
		 0.07584861407,0.7905986364,-0.6076189463},
    {-16.22360931,63.30660163,381.0181823}},

    {{-0.6216465312,-0.0285781748,0.7827763909,
		 0.07448493547,0.9926490654,0.09539301533,
		 -0.7797484111,0.117605786,-0.6149482047},
    {-14.50346059,117.4297203,290.1984382}},

    {{-0.5292732399,-0.01229259603,0.8483623811,
		 0.636650989,0.6551966806,0.4066851706,
		 -0.5608434325,0.7553583268,-0.3389519765},
    {-5.411400695,80.12176746,379.8488129}},

    {{-0.9314658579,-0.01073438439,-0.363670357, // 05
       -0.021313424,0.9994579907,0.02508909603,
       0.3632039283,0.03112069687,-0.9311897813},
      {-6.050515741,143.9213951,280.3813532}},
    
    {{0.9448241112,-0.04876703013,-0.3239277321,
      -0.2141569626,0.6563150135,-0.7234551806,
      0.2478793944,0.7529092773,0.6096584503},
      {-10.023614,84.45695974,376.925635}},

    {{-0.9419632708,-0.03700247277,0.3336705164, // 07
			0.180351898,0.7825307202,0.5959185052,
      -0.2831578878,0.6215114552,-0.7304417305},
      {-5.250326149,112.5645453,360.2387508}},

    {{0.9503475669,0.04849461332,0.3073886376,
      0.1560494297,0.7803459045,-0.6055648973,
      -0.2692360999,0.6234649483,0.734032275},
    {22.71992555,112.7759402,360.0009328}}, //10

    {{0.8129763959,0.04080422416,-0.5808652124,
			-0.2848486357,0.8979062573,-0.3355973896,
      0.5078687177,0.4382914196,0.7415996205},
    {-0.03199165418,105.1487628,331.4862369}},

    {{-0.9950957343,0.04321912909,-0.08897520145,
      -0.001969290489,0.8906636271,0.454658581,
      0.09889692354,0.4526040326,-0.886210465},
    {24.66653867,97.49188585,334.8897626}}, //12

    {{-0.2862766934,0.07452649614,-0.9552441867,
			-0.7557457469,0.5952786327,0.2729317047,
      0.588977097,0.8000557173,-0.1140913162},
    {-15.47943966,60.20818768,381.0821849}},

    {{0.7694875517,0.002369830201,0.6386574134,
			0.2539259376,0.9164213706,-0.3093436433,
      -0.586012394,0.4002077652,0.7045730755},
    {4.866150988,118.1652356,330.6340665}},

    {{0.5039250676,0.09465184024,-0.8585456047,
			-0.6050310345,0.7480627966,-0.2726527087,
      0.6164389455,0.6568432701,0.4342348962},
    {18.2296155,97.71531857,361.6667015}},

    {{-0.4048875531,-0.001022756131,0.9143659133,
			0.3656410889,0.9163838146,0.1629334173,
      -0.8380767647,0.4002994608,-0.3706584387},
    {16.25260358,116.7586119,329.7529305}}, //18

    {{0.7360342296,0.009501079563,0.6768776421,
      0.5173282683,0.6370082142,-0.5714822813,
      -0.4366063167,0.7707984591,0.4639446731},
    {-24.15514071,74.04862943,379.5076537}},

    {{-0.6201222217,0.04052054618,-0.7834580496,
			-0.1302964194,0.9794749929,0.1537907063,
      0.773609251,0.1974508131,-0.6021145267},
    {24.4496252,140.6900046,300.8290806}},

    {{-0.2617478675,-0.05032313647,-0.9638234464,
			-0.4532392419,0.8880813121,0.07671878938,
      0.8520928608,0.4569235877,-0.2552618099},
    {-8.784671236,98.11062797,332.9193692}}, // 21

    {{-0.6310677524,-0.02949081954,-0.775166939,
      -0.5128354354,0.7656140117,0.3883748207,
      0.5820251782,0.6426238999,-0.4982782509},
    {-8.508070023,104.2896072,361.3816814}},

    {{0.4887300705,-0.07268882749,-0.8694016635,
			-0.08227020668,0.9882426049,-0.1288726774,
      0.8685473685,0.1345098073,0.4770037531},
    {-20.72850042,158.8912224,289.281465}},

    {{0.08635045426,0.06174190292,0.9943498059,
			0.2147800801,0.9734543185,-0.07909618832,
      -0.9728376618,0.2203965227,0.07079729175},
    {13.79078928,132.1300437,306.0754676}}  
};

std::vector< std::string > intrinsics_ceiling {
  "1634.03;0;942.792;0;1629.73;558.29;0;0;1", // 00
  "1395.91;0;951.559;0;1392.24;561.398;0;0;1",
  "1397.02;0;939.355;0;1394.04;556.611;0;0;1",
  "1395.71;0;949.456;0;1392.06;566.648;0;0;1",
  "1633.26;0;949.479;0;1629.32;572.374;0;0;1",
  "1396.29;0;933.34;0;1392.95;560.462;0;0;1",
  "1396.11;0;950.228;0;1392.54;548.78;0;0;1",
  "1395.51;0;947.67;0;1392.41;549.081;0;0;1",


	"1393.87;0;944.546;0;1390.36;563.199;0;0;1", // 10
  "1492.96;0;934.544;0;1489.74;547.466;0;0;1",
  "1395.93;0;964.611;0;1392.67;564.875;0;0;1",
	"1592.21;0;937.375;0;1588.39;560.919;0;0;1",


  "1427.34;0;949.618;0;1423.13;548.132;0;0;1", // 16
  "1393.35;0;916.395;0;1390.34;563.652;0;0;1",
  "1542.2;0;947.567;0;1538.02;555.168;0;0;1",
  "1396.57;0;949.242;0;1393.19;554.872;0;0;1",
  "1403.46;0;940.386;0;1400.1;552.684;0;0;1",
  "1397.56;0;932.828;0;1393.91;562.186;0;0;1",
  
  "1395.57;0;953.143;0;1392.36;561.982;0;0;1",  //28
  "1400.36;0;939.608;0;1397.25;572.603;0;0;1",
  "1407.21;0;946.883;0;1403.86;563.032;0;0;1" // 30
};

std::vector< rotTrans > extrinsics = 
{
    {{0.1369296663,0.03357591931,-0.9900115778,
     -0.09021094677,0.9956950625,0.02129149064,
     0.9864645212,0.08639444504,0.1393691081},
    {20.90028135,127.2202879,283.1159034}},

    {{0.05337497606,0.02479711619,0.9982666052,
     0.6376765256,0.7684660834,-0.05318390075,
     -0.7684528356,0.6394098699,0.0252043199},
    {6.299256813,104.397182,363.078698}},

    {{-0.9970491806,0.05290586318,-0.05562284625,
     -0.01182874156,0.6100448884,0.792278559,
		 0.07584861407,0.7905986364,-0.6076189463},
    {-16.22360931,63.30660163,381.0181823}},

    {{-0.6216465312,-0.0285781748,0.7827763909,
		 0.07448493547,0.9926490654,0.09539301533,
		 -0.7797484111,0.117605786,-0.6149482047},
    {-14.50346059,117.4297203,290.1984382}},

    {{-0.5292732399,-0.01229259603,0.8483623811,
		 0.636650989,0.6551966806,0.4066851706,
		 -0.5608434325,0.7553583268,-0.3389519765},
    {-5.411400695,80.12176746,379.8488129}},

    {{-0.9314658579,-0.01073438439,-0.363670357,
       -0.021313424,0.9994579907,0.02508909603,
       0.3632039283,0.03112069687,-0.9311897813},
      {-6.050515741,143.9213951,280.3813532}},
    
    {{0.9448241112,-0.04876703013,-0.3239277321,
      -0.2141569626,0.6563150135,-0.7234551806,
      0.2478793944,0.7529092773,0.6096584503},
      {-10.023614,84.45695974,376.925635}},

    {{-0.9419632708,-0.03700247277,0.3336705164,
			0.180351898,0.7825307202,0.5959185052,
      -0.2831578878,0.6215114552,-0.7304417305},
      {-5.250326149,112.5645453,360.2387508}},
    
    {{0.9544726119,0.01685383959,-0.2978220632,
			-0.03362017317,0.9981191009,-0.05126347965,
      0.2963979035,0.05894241665,0.9532439742},
    {-19.67808464,136.6798831,282.6801175}},

    {{-0.3169419478,-0.08460972789,0.9446634298,
			-0.1243350249,0.9911238917,0.04705563528,
      -0.9402598595,-0.1025408464,-0.3246486894},
    {6.780958613,147.0057696,260.6395044}},

    {{0.9503475669,0.04849461332,0.3073886376,
      0.1560494297,0.7803459045,-0.6055648973,
      -0.2692360999,0.6234649483,0.734032275},
    {22.71992555,112.7759402,360.0009328}}, //10

    {{0.8129763959,0.04080422416,-0.5808652124,
			-0.2848486357,0.8979062573,-0.3355973896,
      0.5078687177,0.4382914196,0.7415996205},
    {-0.03199165418,105.1487628,331.4862369}},

    {{-0.9950957343,0.04321912909,-0.08897520145,
      -0.001969290489,0.8906636271,0.454658581,
      0.09889692354,0.4526040326,-0.886210465},
    {24.66653867,97.49188585,334.8897626}}, //12

    {{-0.2862766934,0.07452649614,-0.9552441867,
			-0.7557457469,0.5952786327,0.2729317047,
      0.588977097,0.8000557173,-0.1140913162},
    {-15.47943966,60.20818768,381.0821849}},

    {{0.827339054,-0.07848137689,0.5561930989,
			0.02005408661,0.9936867625,0.110383204,
      -0.5613447456,-0.08017039095,0.8236897383},
    {-7.23447972,142.1657406,267.9541185}},

    {{-0.9997414125,0.006454955712,0.02180462522,
			0.005192647027,0.9983342904,-0.05746025644,
      -0.02213920846,-0.05733217422,-0.9981096519},
    {9.642162177,134.9258555,268.2324221}},

    {{0.7694875517,0.002369830201,0.6386574134,
			0.2539259376,0.9164213706,-0.3093436433,
      -0.586012394,0.4002077652,0.7045730755},
    {4.866150988,118.1652356,330.6340665}},

    {{0.5039250676,0.09465184024,-0.8585456047,
			-0.6050310345,0.7480627966,-0.2726527087,
      0.6164389455,0.6568432701,0.4342348962},
    {18.2296155,97.71531857,361.6667015}},

    {{-0.4048875531,-0.001022756131,0.9143659133,
			0.3656410889,0.9163838146,0.1629334173,
      -0.8380767647,0.4002994608,-0.3706584387},
    {16.25260358,116.7586119,329.7529305}}, //18

    {{0.7360342296,0.009501079563,0.6768776421,
      0.5173282683,0.6370082142,-0.5714822813,
      -0.4366063167,0.7707984591,0.4639446731},
    {-24.15514071,74.04862943,379.5076537}},

    {{-0.6201222217,0.04052054618,-0.7834580496,
			-0.1302964194,0.9794749929,0.1537907063,
      0.773609251,0.1974508131,-0.6021145267},
    {24.4496252,140.6900046,300.8290806}},

    {{-0.2617478675,-0.05032313647,-0.9638234464,
			-0.4532392419,0.8880813121,0.07671878938,
      0.8520928608,0.4569235877,-0.2552618099},
    {-8.784671236,98.11062797,332.9193692}},

    {{-0.9239818557,-0.0613765916,0.3774790647,
      0.05486070575,0.9555572213,0.289656175,
      -0.3784809549,0.288345818,-0.8795503715},
     {-5.224239691,110.7456244,313.8855054}},
    
    {{0.5162966551,0.01335424781,0.856305686,
      0.1418829708,0.9847272537,-0.100903213,
      -0.8445750331,0.173591186,0.506516647},
    {2.417701344,102.3557555,298.3746617}},

    {{-0.388991142,-0.05987834367,-0.9192934653,
			0.02928793432,0.9965772059,-0.07730517199,
      0.9207758187,-0.05699523376,-0.3859059924},
    {-15.12220678,134.1751339,265.239245}},

    {{0.7926422733,0.00130484237,-0.6096855943,
			0.04487405742,0.9971605675,0.06047414042,
      0.6080333424,-0.07529342651,0.7903330655},
    {4.539475053,139.2223569,261.6293171}}, //25

    {{-0.7556190155,-0.04350579001,-0.6535649545,
			0.1389994774,0.9644159151,-0.2249023966,
      0.6400930001,-0.2607857146,-0.7226837222},
    {-12.5475419,141.1612209,240.8579734}},

    {{0.9782876177,0.02697940456,0.2054883178,
			0.02691509764,0.9665557486,-0.2550403151,
      -0.2054967507,0.2550335204,0.9448433674},
    {-0.5131666478,123.4498457,311.6401591}},

    {{-0.6310677524,-0.02949081954,-0.775166939,
      -0.5128354354,0.7656140117,0.3883748207,
      0.5820251782,0.6426238999,-0.4982782509},
    {-8.508070023,104.2896072,361.3816814}},

    {{0.4887300705,-0.07268882749,-0.8694016635,
			-0.08227020668,0.9882426049,-0.1288726774,
      0.8685473685,0.1345098073,0.4770037531},
    {-20.72850042,158.8912224,289.281465}},

    {{0.08635045426,0.06174190292,0.9943498059,
			0.2147800801,0.9734543185,-0.07909618832,
      -0.9728376618,0.2203965227,0.07079729175},
    {13.79078928,132.1300437,306.0754676}}    
};

std::vector< std::string > intrinsics {
  "1634.03;0;942.792;0;1629.73;558.29;0;0;1",
  "1395.91;0;951.559;0;1392.24;561.398;0;0;1",
  "1397.02;0;939.355;0;1394.04;556.611;0;0;1",
  "1395.71;0;949.456;0;1392.06;566.648;0;0;1",
  "1633.26;0;949.479;0;1629.32;572.374;0;0;1",
  "1396.29;0;933.34;0;1392.95;560.462;0;0;1",
  "1396.11;0;950.228;0;1392.54;548.78;0;0;1",
  "1395.51;0;947.67;0;1392.41;549.081;0;0;1",
  "1642.7;0;945.082;0;1638.64;562.465;0;0;1",
  "1396.79;0;945.482;0;1393.03;542.64;0;0;1",
	"1393.87;0;944.546;0;1390.36;563.199;0;0;1", 
  "1492.96;0;934.544;0;1489.74;547.466;0;0;1",
  "1395.93;0;964.611;0;1392.67;564.875;0;0;1",
	"1592.21;0;937.375;0;1588.39;560.919;0;0;1",
  "1649.51;0;934.882;0;1644.85;568.024;0;0;1",
  "1430.11;0;948.926;0;1426.48;561.705;0;0;1", 
  "1427.34;0;949.618;0;1423.13;548.132;0;0;1",
  "1393.35;0;916.395;0;1390.34;563.652;0;0;1",
  "1542.2;0;947.567;0;1538.02;555.168;0;0;1",
  "1396.57;0;949.242;0;1393.19;554.872;0;0;1",
  "1403.46;0;940.386;0;1400.1;552.684;0;0;1",
  "1397.56;0;932.828;0;1393.91;562.186;0;0;1",
  "1514.1;0;945.861;0;1510.18;558.694;0;0;1",
  "1572.86;0;941.716;0;1568.17;560.048;0;0;1",
  "1399.63;0;954.539;0;1396.27;546.388;0;0;1",
  "1397.66;0;935.585;0;1394.65;559.251;0;0;1",
  "1616.8;0;950.116;0;1613.47;551.417;0;0;1",
  "1861.86;0;934.556;0;1857.26;552.106;0;0;1",
  "1395.57;0;953.143;0;1392.36;561.982;0;0;1", 
  "1400.36;0;939.608;0;1397.25;572.603;0;0;1",
  "1407.21;0;946.883;0;1403.86;563.032;0;0;1"
};

}; // panopticParams