K = [2584.9325098195013197, 0, 249.77137587221417903
     0, 2584.9325098195013197, 278.31267937919352562
     0 0 1]

Kinv = inv(K);

     
pts=[181.53712861181011817, 382.84265753788542952 //  -0.0263969163609492629696   0.0404381846572818004493  
361.39404494701216208, 353.17104859076766843      //    0.04318204388345608935     0.0289595062645567058457 
342.08123422244102585, 137.87448982117351193      //    0.0357107421565418803322  -0.0543295382082630978759 
243.09524202092040923, 298.35373638828008325      //   -0.0025827110866271374423   0.0077530291150564589753 
285.88966212823157775, 251.48973104783391364      //    0.0139726225419090216429  -0.0103766532508938053025 



320.61083811349851658, 199.23585641086629039      //    0.027404762782851491143   -0.0305914458764143665226 
177.83962742245475397, 163.63860158201131867      //   -0.0278273216714591126175  -0.0443625036095002672765 
225.74947198803425863, 316.24347634112569949      //   -0.0092930487712645504228   0.0146738055318050841791 
210.92593414503781446, 312.1127002295278885       //   -0.0150276425321018564096   0.0130757846566348229222 
247.68819285385683315, 263.17278766241219046      //   -0.0008058945486753843479  -0.0058569775648953104064 



330.38724148135435144, 234.16270784506826885      //    0.0311868357502182447227  -0.0170797385875301327429 
165.33058499047140799, 291.56955369118014687      //   -0.0326665359969645907601   0.0051285185441504316239 
199.86675126597054941, 393.58510880586692338      //   -0.0193059681119985282471   0.0445939803026898229366 
313.99181820108196916, 389.73404770358069982      //    0.0248441466401581739776   0.0431041692195543724164 
248.50928647922813752, 333.51852292954941959      //   -0.0004882484893480448784   0.0213567833359837866425 



195.98098993753490049, 156.78341685173867859      //   -0.0208092032307780894218  -0.0470144818349400167579 
164.52669179292479384, 134.9377776538624687       //   -0.0329775279453008857145  -0.0554656267351995718728 
197.46123952507306853, 358.3286736009371225       //   -0.0202365578785628635883   0.0309547711275954817722 
52.110592924391973213, 218.51730104909975694      //   -0.076466515932992112914   -0.0231322783488336070068 
177.00162990735412905, 256.9990394819891435]      //   -0.0281515071238518932439  -0.008245337089552343124  

%ptsinv=Kinv*[pts ones(size(pts,1),1)]';
%ptsinv'

tgts=[0.99164213923671906681, -0.12901886563609127334
-0.27407482149753986667, 0.96170837171207557148
-0.99085473006575885968, 0.1349329607853933799
0.21688457417910370073, -0.97619725541672619507
-0.88923826058271226991, 0.45744433094731007383


-0.98462682094023079582, -0.1746711867628284176
-0.80826947668316584394, 0.58881274872604572046
0.90119839239834154121, 0.43340680375213874731
-0.54078671415378842813, 0.84115975283815680452
0.99935984779679032375, 0.035775614761675351982


-0.91615034676027939931, 0.4008348065363335766
0.44184360558182206313, 0.89709209572175763192
0.99085696151653412933, -0.13491657353424593713
0.17976067146968616184, 0.98371037454769549857
0.91927766178284631149, -0.39360968045395255954


-0.88483975537184744731, -0.46589548969000454948
-0.95661607022265571221, -0.29135149594907394643
-0.67890121232474576196, 0.73422962614157050165
-0.91684145433395725089, 0.39925148417356498554
-0.017735947168850744321, -0.99984270571826627805]














//   -0.9161503467602793993052   0.4008348065363336321099
//    0.4418436055818220076219   0.897092095721757631921 
//    0.9908569615165341293306  -0.1349165735342459371271
//    0.1797606714696861618386   0.9837103745476956095928
//    0.9192776617828464225113  -0.3936096804539526150535

//   -0.8848397553718474473072  -0.4658954896900045494768
//   -0.9566160702226556011851  -0.2913514959490739464343
//   -0.6789012123247458729836   0.7342296261415705016518
//   -0.916841454333957250888    0.3992514841735649855359
//   -0.017735947168850744321   -0.9998427057182662780477



tgtsinv=Kinv*[tgts zeros(size(tgts,1),1)]';
a=tgtsinv';

a=a(:,1:2);
nrm = sqrt(sum(a.*a,'c')) * [1 1];
a=a./nrm;


R1 = [0.032488343069021832776, 0.14118885304658673752, 0.98944945062394118462
-0.28679990702465507635, 0.94965585180689460199, -0.12609352267095536027
-0.95743946069465868387, -0.27967744082122686367, 0.071345695037685272211];
C1 = [1071.484198049582119, 320.76850873549409471, -85.986368935484179588];

// extrinsics for frame 54

R2 =[0.47790123270283219048, -0.019299093028001035321, -0.87820154679288175981
-0.29465811799137531235, -0.94535498497159320408, -0.13957272617219795841
-0.82751858304384573461, 0.32547119288449349872, -0.45747294709026314896];
C2 =[925.05253488236451176, -384.00318581806010343, 531.87270782843597772];

// extrinsics for frame 62

//-0.219610930168113061, -0.33532970351451174551, -0.91614683828061438398
//-0.50550514340331198504, -0.76406316361831605466, 0.40083915975658834796
//-0.83440732819378671259, 0.55114559958548192675, -0.0017142677930838123856
//951.80671923514557875, -619.60363267357240602, 4.2313312789905133116

// extrinsics for frame 07

//0.91074869806248703874, 0.30990046893594913602, -0.27294414873882894002
//0.29070436143147293517, -0.95055540259185944407, -0.10924926017208461126
//-0.29330493214776437449, 0.020152567000437736355, -0.95580651327613819213
//342.08616590607340413, -28.455793406432913883, 1067.8273738052921544




gama1 = [ -0.0092930487712645643006 0.014673805531805084179 1]
gama2 = [ -0.015027642532101870287 0.013075784656634822922 1]
tgt1  = [ 0.90119839239834143019 0.43340680375213874731 0]
tgt2 = [ -0.54078671415378831711 0.8411597528381566935 0]
Gama1 = [ 16.241229516856364512 -45.185185185185176238 41.368080573302677294]
Tgt1 = [ -0.34011103186525448727 -0.10551104075352309153 -0.93444738015720296698]
Gama2 = [ -83.024179089510298013 -7.2456979436932478222 -4.412526863075626693]
Tgt2 = [ -0.71448475613149997621 -0.66437364477423688225 0.21936087478196092393]
